C:\Users\chris\clee\ARBS-fe\Query\IRSwaps\IRSwapStructure.py:12: LicenceNotice: 
Rateslib is source-available (not open-source) software distributed under a dual-licence model.
No commercial licence is registered for this installation. Use is therefore permitted for non-commercial purposes only (at-home or university based academic use).
Any use in commercial, professional, or for-profit environments, including evaluation or trial use, requires a valid commercial licence or an approved evaluation licence.
Certain features may require a registered commercial or evaluation licence in current or future versions.
For licensing information or to register a licence, please visit: https://rateslib.com/licence
  from rateslib.scheduling import get_imm, next_imm
==============================================================================
WINDOW 2026-01-01 .. 2026-08-07   table arbs_usd_swap_tape_legs_v3
==============================================================================

--- A. economic_class x contributes_to_flow x rate_index_clean
    economic_class  contributes_to_flow rate_index_clean       n
0    ECONOMIC_FLOW                 True             SOFR  633986
1    ECONOMIC_FLOW                 True        FED_FUNDS   19271
2    ECONOMIC_FLOW                 True            BASIS    3798
3    ECONOMIC_FLOW                 True            OTHER    1622
4  ECONOMIC_UNWIND                 True             SOFR     734
5   ADMINISTRATIVE                False             SOFR     101
6  ECONOMIC_UNWIND                 True            OTHER      91
7   ADMINISTRATIVE                False        FED_FUNDS       1

--- B. risk sentinel census (ECONOMIC_FLOW)
  rate_index_clean       n  n_null  n_sentinel  max_sane
0             SOFR  633986      50           1  450100.0
1        FED_FUNDS   19271       0           0  391800.0
2            BASIS    3798       1           0  383900.0
3            OTHER    1622       0           0  395300.0

--- C. special_tenor_type, ECONOMIC_FLOW, by index
   rate_index_clean special_tenor_type       n      risk_abs
0             BASIS           STANDARD    2681  1.543279e+08
1             BASIS                IMM     975  6.651170e+07
2             BASIS               FOMC     136  7.973700e+06
3             BASIS       INVOICE_SWAP       6  1.703000e+05
4         FED_FUNDS               FOMC   12845  6.266630e+08
5         FED_FUNDS           STANDARD    4704  9.431340e+07
6         FED_FUNDS   MATCHED_MATURITY     973  4.738740e+07
7         FED_FUNDS                IMM     739  2.546990e+07
8         FED_FUNDS       INVOICE_SWAP      10  4.104000e+05
9             OTHER           STANDARD    1437  1.360060e+07
10            OTHER                IMM     110  4.705000e+05
11            OTHER   MATCHED_MATURITY      55  8.250000e+04
12            OTHER               FOMC      13  2.120000e+05
13            OTHER       INVOICE_SWAP       7  6.250000e+04
14             SOFR           STANDARD  375801  1.294343e+10
15             SOFR                IMM  182817  5.662173e+09
16             SOFR   MATCHED_MATURITY   48927  3.042177e+09
17             SOFR                MAC   13779  3.130846e+08
18             SOFR       INVOICE_SWAP    9107  7.380987e+08
19             SOFR               FOMC    3555  8.388190e+07

==============================================================================
--- D. SOFR: tenor_label, ALL ECONOMIC_FLOW legs
   tenor_label       n      risk_abs  n_std  n_spot
0          10Y  127921  4.816823e+09  80898   83642
1           5Y  126312  4.076603e+09  70554   72260
2          30Y   73986  2.723250e+09  46282   50129
3           2Y   66770  1.689866e+09  35102   33111
4           3Y   37950  1.192913e+09  20538   26799
5           7Y   34168  1.785010e+09  17394   21322
6           1Y   31965  6.986891e+08  20760   13683
7           4Y   22091  1.161854e+09  14314   13548
8          20Y   17597  7.932459e+08  11238   13141
9          15Y    9705  4.609914e+08   6206    6062
10          9Y    9572  6.259115e+08   5553    5760
11          3M    7715  1.048867e+08   4738    4388
12          6Y    7483  3.450772e+08   5405    6682
13          6M    5697  6.577270e+07   3561    4262
14          8Y    5484  2.836262e+08   4289    4951
15          1M    3950  5.025330e+07   2740    2870
16         12Y    3923  1.639191e+08   3319    3462
17         25Y    3352  2.030457e+08   2783    2658
18          2M    3098  3.262360e+07   1643    1912
19          9M    2855  2.847650e+07   2010    2497
20        ~20M    2616  1.641296e+08    118     398
21         18M    2554  3.882010e+07   1958    2337
22          4M    1635  1.957300e+07   1050    1450
23         21M    1613  8.904590e+07   1322     536
24         17Y    1594  1.297538e+08    646     446
25         18Y    1474  1.229573e+08    498     597
26         26Y    1424  1.372216e+08    605     184
27         27Y    1408  1.218764e+08    374     525
28          5M    1405  1.291750e+07    872    1299
29         11M    1346  2.591550e+07    931    1281
30        ~22M    1258  7.487850e+07    267     737
31        ~23M    1215  6.589420e+07    247    1183
32         11Y    1164  6.423300e+07    934     997
33          7M     865  9.512500e+06    537     802
34         10M     825  1.630430e+07    576     792
35         15M     798  9.980700e+06    541     670
36        ~21M     754  4.963300e+07     85     348
37          8M     720  6.872100e+06    417     635
38        ~13M     584  1.138790e+07    298     560
39         40Y     549  1.916740e+07    362     399
40         19Y     439  3.665280e+07    204     310
41        ~19M     427  1.111980e+07    167     377
42         28Y     406  3.111740e+07    104     282
43        ~17M     397  9.384400e+06    155     341
44         14Y     388  2.596440e+07    295     311
45        ~14M     351  5.757400e+06    126     305
46         29Y     321  2.620850e+07    120     269
47         12M     318  4.721400e+06    172     297
48          1W     305  5.490400e+06    267     263
49        ~16M     299  6.279600e+06    112     281
50         35Y     296  1.470500e+07    276     294
51          2W     290  3.307000e+06    224     255
52         13Y     282  1.998790e+07    226     211
53         16Y     248  1.157140e+07    155     178
54         24Y     231  1.768410e+07    161     118
55          3W     208  2.852900e+06    166     191
56         31Y     188  1.315160e+07     41      74
57         21Y     152  9.288500e+06    130     136
58         23Y     133  8.143600e+06    103      92
59         22Y     127  7.962700e+06     97      79

--- E. SOFR: tenor_label, SPOT-START + STANDARD only
   tenor_label      n      risk_abs  n_days
0          10Y  69278  2.582850e+09     151
1           5Y  58591  2.002900e+09     151
2          30Y  39877  1.456409e+09     151
3           2Y  27037  6.859808e+08     151
4           3Y  18040  5.193837e+08     151
5           7Y  14836  6.113870e+08     151
6           1Y  12175  2.218424e+08     151
7          20Y   9914  4.079022e+08     151
8           4Y   9111  3.117977e+08     151
9          15Y   5438  2.648484e+08     151
10          6Y   5161  1.847278e+08     151
11          9Y   4245  1.894148e+08     149
12          8Y   4138  1.604027e+08     149
13         12Y   3211  1.278529e+08     149
14          3M   3034  2.893900e+07     148
15          6M   2690  3.010600e+07     150
16         25Y   2457  1.451245e+08     149
17          1M   2313  2.493290e+07     145
18         18M   1874  2.302500e+07     146
19          9M   1773  1.695580e+07     145
20          2M   1321  1.209540e+07     145
21          4M    930  1.110190e+07     143
22         11Y    891  4.552410e+07     146
23         11M    883  1.930050e+07     146
24          5M    808  7.615200e+06     142
25         10M    550  1.162740e+07     131
26          7M    491  5.499700e+06     134
27         15M    452  5.145700e+06     128
28         40Y    362  1.426870e+07     112
29          8M    361  3.011000e+06     124
30         21M    351  5.323400e+06     125
31        ~13M    283  5.155600e+06     101
32         35Y    275  1.405740e+07     109
33          1W    233  3.688500e+06      94
34        ~23M    229  7.119700e+06      92
35         18Y    228  1.336570e+07      92
36         14Y    226  1.109870e+07      96
37         17Y    209  1.594070e+07      65
38          2W    205  2.093100e+06     101
39        ~22M    167  3.822800e+06      73
40         13Y    167  6.894800e+06      76
41         12M    154  1.438200e+06      83
42         19Y    152  1.218520e+07      73
43          3W    151  2.182100e+06      70
44         27Y    137  1.520900e+07      54
45        ~19M    121  3.318900e+06      67
46         21Y    117  5.302000e+06      31
47        ~17M    114  2.357300e+06      66
48         29Y    112  7.754100e+06      50
49        ~14M    107  1.141000e+06      70
50        ~16M    102  1.644800e+06      59
51         26Y     96  5.405200e+06      51
52        ~20M     93  2.040000e+06      54
53         16Y     88  3.932300e+06      52
54         24Y     88  8.413300e+06      43
55         28Y     75  5.304100e+06      41
56         50Y     65  1.373500e+06      28
57         23Y     65  2.849900e+06      34
58         22Y     54  3.355100e+06      27
59         29D     49  4.819000e+05       1

--- F. SOFR: spot lag  (effective_date - as_of_date), STANDARD spot legs
    cal_days       n
0          2  125002
1          4   74952
2          5   17788
3          0   13013
4          1    7385
5         -1    2592
6          3    2196
7         -7    1600
8          7    1495
9         -6    1434
10        -2    1411
11         6    1272
12        -8    1253
13        -3    1244
14        -4    1238

==============================================================================
--- D. FED_FUNDS: tenor_label, ALL ECONOMIC_FLOW legs
      tenor_label     n     risk_abs  n_std  n_spot
0              2M  7207  309732200.0    423    1383
1              1M  6645  335789500.0    414     630
2              3M   816   16039200.0    610     616
3              1Y   440    6951400.0    392     360
4              6M   399    6087600.0    267     286
5              3Y   336   15065800.0    231     230
6              5Y   328    8559400.0    277     208
7              2Y   327    8966800.0    253     155
8              4M   198    3901200.0    133     183
9              6Y   195    4349000.0    186     120
10             4Y   178    5953400.0    145     102
11             9M   174    2596600.0    131     126
12            18M   173    2426700.0    138      94
13             5M   170    2956400.0    113     157
14            11M   160    2075900.0    119     159
15             1W   142    2466400.0    112     132
16             7M   129    3104300.0     82     120
17            15M   122    1929400.0    112      60
18            21M   113    1998400.0    104      56
19            10M   102    1589700.0     66      97
20             8M    96    2278100.0     63      93
21           ~22M    92   13761800.0      3      91
22             7Y    82    2123500.0     47      81
23             2W    74    2314700.0     46      59
24           ~20M    64    7534800.0      1       5
25             3W    55    1780500.0     36      49
26            10Y    52    2041800.0     31      46
27             9Y    35    1572600.0     21      35
28           ~21M    33    5028900.0      0      26
29           ~17M    24    1114700.0      8      21
30           ~14M    22    1261800.0     13      10
31             4W    21     278700.0     16      13
32            30Y    21     134900.0     12      16
33           ~23M    20    2674600.0      2      20
34            12D    18     784400.0      4       6
35            17Y    17     289400.0      0      17
36            12M    15     303800.0     10      15
37           ~13M    13     663600.0      8       6
38           ~16M    13     361700.0      5      12
39            26D    13     424600.0     11      10
40           ~19M    11     374000.0      2      11
41            15Y    10     206000.0      8      10
42            20Y    10     758300.0     10      10
43             8Y     9     202800.0      4       9
44            16Y     9     132100.0      1       9
45            19D     7     124300.0      6       7
46            18Y     7      93800.0      0       7
47            25D     6      73500.0      5       4
48            19Y     6     235800.0      0       6
49            17D     5     275400.0      1       1
50  FOMC_20260916     5     178400.0      0       0
51  FOMC_20260617     4     128600.0      0       4
52           ~18M     4      70600.0      0       4
53            25Y     4     233300.0      3       4
54  FOMC_20270127     4     131700.0      0       0
55            12Y     4     222800.0      4       4
56  FOMC_20270317     3      71800.0      0       0
57            11D     3      14600.0      1       3
58            24D     2       6300.0      2       2
59            23Y     2     412200.0      1       2

--- E. FED_FUNDS: tenor_label, SPOT-START + STANDARD only
   tenor_label    n   risk_abs  n_days
0           3M  461  9167400.0     121
1           2M  364  4918700.0     113
2           1Y  339  4677500.0     128
3           1M  295  5641200.0     110
4           6M  202  3928100.0      96
5           5Y  173  4542400.0      94
6           3Y  151  6173200.0      72
7           4M  127  2153500.0      75
8          11M  118  1260100.0      87
9           2Y  114  1778600.0      73
10          6Y  111  1980000.0      62
11          5M  103  2093600.0      65
12          1W  103  1661800.0      51
13          9M   88  1247700.0      55
14          7M   73  1199500.0      52
15         18M   71   739600.0      53
16          4Y   71  2275200.0      40
17         10M   63   827700.0      54
18          8M   61  1677800.0      45
19         15M   51   564700.0      48
20          7Y   47   945900.0      29
21         21M   47   650800.0      39
22          2W   37   979800.0      22
23          3W   34  1093500.0      20
24         10Y   31  1647600.0      21
25          9Y   21  1288400.0      11
26         30Y   12   104600.0       4
27         12M   10   139500.0       7
28         20Y   10   758300.0       7
29         26D    9   405300.0       7
30         15Y    8   178500.0       5
31          4W    8   121900.0       7
32         19D    6   121100.0       3
33        ~17M    5   205700.0       5
34        ~16M    4    20400.0       4
35         12Y    4   222800.0       3
36         25D    4    12200.0       4
37          8Y    4    82000.0       4
38         12D    4    95500.0       3
39        ~22M    3   107900.0       2
40         25Y    3    49800.0       2
41         18D    2    29400.0       2
42        ~19M    2    16100.0       2
43        ~15M    2     2500.0       2
44        ~23M    2     7900.0       2
45         24D    2     6300.0       2
46         10D    1     2800.0       1
47         21Y    1     1100.0       1
48         23Y    1   159400.0       1
49        ~20M    1    19500.0       1
50         17D    1      600.0       1
51         40Y    1   307400.0       1
52         16Y    1    16100.0       1
53          6D    1    25000.0       1
54        ~14M    1     6300.0       1
55        ~13M    1    74100.0       1
56         11D    1    11600.0       1

--- F. FED_FUNDS: spot lag  (effective_date - as_of_date), STANDARD spot legs
    cal_days     n
0          2  1321
1          4   761
2          1   460
3          0   341
4          5   146
5          3    98
6          7    63
7          6    43
8      -2054    15
9         -1    11
10       -83     4
11     -1322     4
12     -1318     4
13        -2     4
14       -57     4

--- G. SOFR: (expiration - effective) days vs tenor_label, spot STANDARD
   tenor_label      n  d_min    d_avg  d_max  n_distinct
0           1W    233      7      7.0      9           3
1           2W    205     13     14.0     16           4
2           1M   2313     28     31.0     45          18
3           2M   1321     46     61.0     76          31
4           3M   3034     77     91.0    106          30
5           4M    930    107    121.0    136          30
6           5M    808    137    152.0    167          31
7           6M   2690    168    183.0    197          30
8           7M    491    198    213.0    228          30
9           8M    361    229    244.0    258          30
10          9M   1773    259    274.0    288          30
11         10M    550    289    304.0    319          31
12         11M    883    320    335.0    349          30
13          1Y  12175    360    365.0    380          21
14        ~13M    283    381    394.0    410          28
15         15M    452    447    456.0    465          18
16         18M   1874    538    548.0    557          20
17         21M    351    629    639.0    647          18
18        ~23M    229    685    700.0    714          30
19          2Y  27037    715    734.0    912         185
20          3Y  18040    913   1093.0   1277         325
21          4Y   9111   1278   1461.0   1642         344
22          5Y  58591   1643   1825.0   2007         337
23          6Y   5161   2008   2187.0   2372         241
24          7Y  14836   2373   2555.0   2737         262
25          8Y   4138   2738   2920.0   3102         217
26          9Y   4245   3103   3289.0   3466         255
27         10Y  69278   3468   3652.0   3830         273
28         11Y    891   3833   4013.0   4197         104
29         12Y   3211   4199   4382.0   4561          87
30         14Y    226   4928   5093.0   5289          76
31         15Y   5438   5295   5478.0   5656          95
32         17Y    209   6025   6259.0   6385          50
33         18Y    228   6389   6569.0   6751          86
34         20Y   9914   7120   7304.0   7472         109
35         25Y   2457   8945   9130.0   9291          55
36         30Y  39877  10774  10957.0  11125         122
37         35Y    275  12602  12783.0  12876           9
38         40Y    362  14482  14609.0  14610           6

--- H. print density by execution_hour_et, ECONOMIC_FLOW spot STANDARD
rate_index_clean   FED_FUNDS   SOFR
execution_hour_et                  
0                        115   3969
1                        145   5444
2                        218  10309
3                        547  16599
4                        663  16409
5                        577  14342
6                        675  14391
7                       1325  29907
8                       2142  61683
9                       2173  74572
10                      2301  67657
11                      2004  72406
12                      1721  48943
13                      1289  42683
14                      1184  43942
15                      1079  48112
16                       647  34199
17                        20   1180
18                         0    135
19                         6   1541
20                        86   6262
21                        97   7248
22                       160   6757
23                        97   5296
